0 99
1 99
2 98
3 94
4 106
5 117
6 112
7 112
8 112
9 114
10 114
11 113
12 113
13 113
14 113
15 112
16 111
17 112
18 113
19 112
20 115
21 112
22 110
23 108
24 108
25 111
26 113
27 110
28 109
29 109
30 109
31 110
32 109
33 110
34 108
35 107
36 106
37 107
38 107
39 107
40 107
41 108
42 108
43 109
44 110
45 111
46 111
47 112
48 113
49 111
50 114
51 111
52 110
53 112
54 110
55 110
56 111
57 111
58 107
59 111
60 111
61 108
62 110
63 111
64 110
65 108
66 110
67 109
68 109
69 112
70 107
71 111
72 110
73 111
74 107
75 110
76 109
77 109
78 106
79 107
80 107
81 105
82 107
83 103
84 102
85 105
86 105
87 105
88 103
89 101
90 104
91 104
92 106
93 111
94 109
95 110
96 100
97 89
98 80
99 78
100 79
101 80
102 80
103 82
104 83
105 85
106 86
107 87
108 90
109 93
110 94
111 95
112 96
113 96
114 97
115 98
116 96
117 97
118 98
119 102
120 103
121 103
122 103
123 102
124 103
125 104
126 106
127 107
128 107
129 108
130 112
131 114
132 113
133 114
134 115
135 118
136 119
137 120
138 120
139 121
140 119
141 120
142 121
143 122
144 118
145 119
146 119
147 120
148 120
149 124
150 121
151 122
152 121
153 121
154 122
155 121
156 122
157 125
158 123
159 120
160 113
161 106
162 103
163 103
164 103
165 106
166 100
167 89
168 76
169 65
170 62
171 64
172 66
173 67
174 68
175 68
176 67
177 68
178 65
179 65
180 66
181 71
182 73
183 77
184 77
185 76
186 74
187 73
188 73
189 77
190 78
191 75
192 70
193 64
194 62
195 65
196 66
197 66
198 65
199 66
200 67
201 63
202 63
203 62
204 62
205 61
206 60
207 58
208 55
209 55
210 54
211 56
212 54
213 53
214 51
215 52
216 48
217 47
218 46
219 44
220 43
221 42
222 41
223 40
224 39
225 38
226 37
227 35
228 33
229 32
230 30
231 30
232 29
233 29
234 28
235 26
236 25
237 24
238 23
239 23
240 22
241 23
242 19
243 19
244 19
245 18
246 17
247 17
248 17
249 16
250 16
251 16
252 14
253 15
254 16
255 16
256 17
257 18
258 17
259 17
260 17
261 17
262 17
263 15
264 19
265 27
266 26
267 25
268 21
269 29
270 31
271 29
272 23
273 24
274 28
275 30
276 31
277 31
278 31
279 30
280 30
281 27
282 20
283 24
284 22
285 34
286 50
287 66
288 80
289 87
290 85
291 81
292 80
293 84
294 88
295 91
296 88
297 86
298 86
299 88
300 91
301 91
302 92
303 91
304 91
305 91
306 91
307 90
308 89
309 87
310 86
311 86
312 86
313 88
314 90
315 90
316 87
317 87
318 89
319 91
320 89
321 79
322 71
323 68
324 64
325 79
326 93
327 96
328 98
329 89
330 79
331 73
332 76
333 84
334 88
335 85
336 83
337 78
338 79
339 74
340 64
341 56
342 40
343 35
344 24
345 31
346 61
347 84
348 91
349 100
350 100
351 100
352 101
353 90
354 73
355 83
356 95
357 87
358 74
359 73
360 82
361 90
362 102
363 105
364 91
365 82
366 80
367 84
368 89
369 89
370 95
371 98
372 91
373 85
374 61
375 55
376 74
377 92
378 89
379 80
380 77
381 81
382 84
383 89
384 89
385 89
386 87
387 83
388 76
389 86
390 97
391 94
392 89
393 86
394 90
395 109
396 120
397 94
398 73
399 75
400 73
401 58
402 55
403 68
404 76
405 80
406 81
407 83
408 87
409 89
410 88
411 83
412 77
413 76
414 77
415 78
416 77
417 74
418 71
419 68
420 71
421 77
422 93
423 109
424 125
425 135
426 141
427 145
428 145
429 145
430 145
431 145
432 144
433 146
434 145
435 147
436 148
437 147
438 139
439 124
440 109
441 92
442 95
443 116
444 131
445 138
446 122
447 100
448 95
449 119
450 122
451 112
452 111
453 120
454 119
455 119
456 102
457 92
458 98
459 105
460 104
461 98
462 106
463 121
464 126
465 116
466 111
467 114
468 116
469 117
470 119
471 118
472 117
473 112
474 101
475 98
476 92
477 82
478 84
479 101
480 115
481 107
482 72
483 38
484 39
485 63
486 74
487 84
488 89
489 102
490 111
491 113
492 113
493 113
494 114
495 114
496 114
497 113
498 109
499 113
500 113
501 112
502 113
503 114
504 112
505 104
506 82
507 61
508 59
509 79
510 92
511 115
512 126
513 117
514 93
515 69
516 55
517 54
518 68
519 74
520 60
521 38
522 23
523 20
524 16
525 17
526 19
527 29
528 32
529 38
530 30
531 25
532 37
533 43
534 41
535 47
536 64
537 96
538 118
539 118
540 116
541 115
542 114
543 114
544 114
545 114
546 113
547 113
548 113
549 114
550 113
551 113
552 113
553 113
554 112
555 112
556 112
557 113
558 113
559 113
560 113
561 113
562 110
563 113
564 115
565 104
566 77
567 34
568 12
569 11
570 13
571 13
572 12
573 11
574 12
575 13
576 12
577 13
578 14
579 18
580 16
581 17
582 17
583 21
584 18
585 17
586 15
587 9
588 10
589 9
590 11
591 15
592 15
593 12
594 19
595 27
596 22
597 24
598 13
599 19
600 60
601 96
602 124
603 129
604 122
605 121
606 121
607 120
608 118
609 118
610 115
611 116
612 118
613 118
614 122
615 121
616 113
617 111
618 111
619 111
620 103
621 100
622 101
623 101
624 90
625 73
626 50
627 26
628 16
629 2
630 255
631 6
632 19
633 29
634 38
635 45
636 43
637 26
638 17
639 13
640 11
641 15
642 13
643 15
644 13
645 12
646 13
647 14
648 12
649 15
650 12
651 10
652 11
653 12
654 19
655 63
656 102
657 79
658 34
659 21
660 23
661 25
662 32
663 36
664 34
665 37
666 43
667 49
668 48
669 47
670 39
671 55
672 85
673 109
674 130
675 84
676 37
677 20
678 12
679 15
680 17
681 13
682 16
683 18
684 21
685 35
686 63
687 82
688 72
689 66
690 60
691 53
692 46
693 38
694 33
695 27
696 25
697 24
698 21
699 20
700 19
701 18
702 12
703 10
704 9
705 9
706 8
707 10
708 6
709 6
710 8
711 11
712 12
713 14
714 13
715 13
716 10
717 8
718 12
719 12
720 13
721 11
722 13
723 15
724 15
725 15
726 15
727 17
728 15
729 14
730 15
731 17
732 15
733 16
734 15
735 16
736 13
737 13
738 13
739 16
740 20
741 30
742 38
743 48
744 57
745 61
746 62
747 61
748 61
749 62
750 63
751 64
752 63
753 66
754 65
755 63
756 61
757 61
758 61
759 59
760 55
761 53
762 47
763 61
764 75
765 87
766 99
767 99
