0 99
1 99
2 98
3 101
4 120
5 134
6 136
7 136
8 136
9 136
10 136
11 135
12 135
13 135
14 135
15 133
16 134
17 133
18 134
19 133
20 134
21 133
22 133
23 131
24 131
25 132
26 132
27 131
28 132
29 132
30 132
31 133
32 132
33 133
34 131
35 130
36 129
37 130
38 130
39 130
40 130
41 131
42 131
43 132
44 133
45 132
46 132
47 131
48 132
49 132
50 133
51 132
52 131
53 131
54 131
55 131
56 130
57 130
58 130
59 130
60 130
61 128
62 129
63 130
64 129
65 128
66 129
67 130
68 130
69 131
70 130
71 130
72 129
73 130
74 130
75 129
76 128
77 128
78 127
79 124
80 124
81 125
82 124
83 123
84 123
85 121
86 121
87 121
88 122
89 122
90 123
91 124
92 128
93 135
94 136
95 134
96 125
97 110
98 101
99 99
100 100
101 101
102 101
103 103
104 104
105 106
106 110
107 111
108 114
109 116
110 118
111 119
112 120
113 120
114 121
115 122
116 123
117 124
118 125
119 126
120 127
121 127
122 127
123 126
124 127
125 128
126 130
127 132
128 135
129 136
130 138
131 140
132 141
133 142
134 143
135 142
136 143
137 145
138 144
139 145
140 149
141 150
142 151
143 149
144 150
145 151
146 151
147 150
148 150
149 150
150 149
151 150
152 151
153 149
154 150
155 149
156 152
157 151
158 149
159 143
160 136
161 129
162 126
163 126
164 126
165 125
166 117
167 104
168 87
169 74
170 71
171 74
172 76
173 76
174 79
175 77
176 78
177 77
178 77
179 78
180 80
181 82
182 86
183 88
184 89
185 87
186 85
187 84
188 84
189 88
190 90
191 83
192 75
193 72
194 72
195 75
196 77
197 76
198 75
199 74
200 72
201 71
202 71
203 70
204 70
205 69
206 68
207 65
208 64
209 64
210 63
211 62
212 60
213 59
214 57
215 55
216 56
217 55
218 54
219 52
220 51
221 49
222 48
223 47
224 46
225 45
226 43
227 42
228 41
229 40
230 40
231 37
232 36
233 36
234 35
235 35
236 34
237 32
238 31
239 31
240 30
241 30
242 29
243 29
244 29
245 28
246 27
247 27
248 27
249 26
250 26
251 25
252 26
253 24
254 26
255 26
256 27
257 28
258 27
259 27
260 27
261 27
262 27
263 26
264 33
265 49
266 59
267 58
268 56
269 62
270 64
271 51
272 38
273 37
274 39
275 41
276 42
277 42
278 42
279 45
280 53
281 70
282 82
283 77
284 68
285 63
286 66
287 78
288 93
289 98
290 97
291 93
292 94
293 98
294 102
295 103
296 100
297 98
298 98
299 100
300 104
301 104
302 105
303 104
304 103
305 104
306 104
307 103
308 102
309 99
310 98
311 98
312 100
313 102
314 104
315 104
316 101
317 101
318 103
319 105
320 107
321 107
322 108
323 103
324 99
325 105
326 112
327 113
328 112
329 107
330 101
331 94
332 95
333 100
334 102
335 101
336 98
337 93
338 93
339 90
340 91
341 83
342 71
343 65
344 57
345 61
346 89
347 107
348 113
349 122
350 125
351 123
352 123
353 114
354 102
355 110
356 120
357 109
358 95
359 95
360 105
361 112
362 125
363 122
364 109
365 98
366 97
367 102
368 114
369 112
370 119
371 125
372 118
373 111
374 90
375 82
376 101
377 118
378 119
379 107
380 100
381 104
382 109
383 112
384 112
385 112
386 110
387 102
388 93
389 103
390 115
391 111
392 106
393 101
394 101
395 122
396 136
397 111
398 92
399 93
400 90
401 71
402 67
403 78
404 88
405 92
406 94
407 96
408 100
409 102
410 101
411 96
412 92
413 87
414 89
415 89
416 88
417 83
418 80
419 77
420 80
421 90
422 111
423 133
424 152
425 167
426 174
427 178
428 179
429 178
430 178
431 179
432 180
433 182
434 182
435 181
436 182
437 180
438 172
439 159
440 141
441 125
442 129
443 152
444 174
445 181
446 165
447 136
448 129
449 153
450 162
451 152
452 151
453 156
454 159
455 152
456 133
457 121
458 125
459 135
460 135
461 128
462 132
463 152
464 158
465 146
466 141
467 145
468 150
469 151
470 154
471 153
472 152
473 144
474 133
475 128
476 120
477 109
478 108
479 131
480 154
481 149
482 118
483 89
484 99
485 116
486 125
487 128
488 129
489 134
490 139
491 138
492 137
493 137
494 138
495 139
496 140
497 138
498 137
499 138
500 138
501 137
502 138
503 139
504 140
505 134
506 115
507 93
508 94
509 110
510 127
511 153
512 172
513 159
514 128
515 98
516 81
517 81
518 103
519 116
520 111
521 107
522 109
523 106
524 104
525 105
526 112
527 121
528 126
529 113
530 88
531 76
532 81
533 92
534 96
535 94
536 107
537 130
538 143
539 143
540 141
541 140
542 139
543 139
544 139
545 139
546 138
547 138
548 138
549 139
550 137
551 138
552 139
553 138
554 138
555 138
556 138
557 138
558 138
559 138
560 138
561 137
562 138
563 138
564 139
565 135
566 117
567 81
568 64
569 61
570 59
571 59
572 62
573 63
574 67
575 68
576 67
577 68
578 69
579 68
580 69
581 65
582 65
583 71
584 72
585 69
586 64
587 53
588 50
589 52
590 54
591 52
592 52
593 49
594 57
595 70
596 74
597 71
598 61
599 62
600 95
601 128
602 154
603 155
604 148
605 144
606 144
607 143
608 144
609 144
610 145
611 146
612 144
613 146
614 148
615 146
616 143
617 141
618 141
619 138
620 132
621 129
622 130
623 129
624 120
625 102
626 79
627 55
628 41
629 31
630 29
631 35
632 49
633 57
634 70
635 77
636 80
637 70
638 72
639 69
640 73
641 74
642 75
643 72
644 70
645 68
646 70
647 70
648 74
649 71
650 69
651 65
652 64
653 67
654 77
655 112
656 146
657 129
658 95
659 84
660 90
661 92
662 100
663 104
664 102
665 101
666 109
667 122
668 129
669 128
670 123
671 124
672 142
673 159
674 171
675 130
676 89
677 74
678 72
679 73
680 72
681 64
682 61
683 63
684 66
685 78
686 107
687 124
688 115
689 107
690 101
691 94
692 87
693 79
694 74
695 68
696 67
697 66
698 63
699 62
700 61
701 60
702 57
703 55
704 54
705 54
706 57
707 59
708 59
709 59
710 61
711 64
712 67
713 69
714 70
715 68
716 65
717 61
718 61
719 61
720 62
721 64
722 68
723 70
724 71
725 72
726 73
727 74
728 74
729 77
730 81
731 82
732 83
733 84
734 85
735 87
736 88
737 88
738 90
739 96
740 106
741 108
742 111
743 113
744 118
745 128
746 134
747 129
748 127
749 126
750 125
751 126
752 125
753 124
754 123
755 121
756 119
757 116
758 116
759 114
760 113
761 108
762 103
763 100
764 100
765 99
766 99
767 99
