0 99
1 99
2 99
3 94
4 120
5 139
6 132
7 135
8 135
9 134
10 134
11 133
12 133
13 134
14 133
15 133
16 132
17 134
18 133
19 133
20 131
21 134
22 131
23 132
24 129
25 130
26 131
27 130
28 131
29 131
30 131
31 132
32 132
33 132
34 131
35 129
36 128
37 128
38 131
39 129
40 128
41 129
42 132
43 132
44 131
45 130
46 130
47 131
48 128
49 133
50 131
51 130
52 130
53 131
54 130
55 130
56 128
57 128
58 129
59 128
60 128
61 127
62 128
63 128
64 128
65 127
66 128
67 130
68 130
69 128
70 131
71 128
72 128
73 128
74 129
75 128
76 128
77 128
78 126
79 124
80 124
81 127
82 124
83 123
84 122
85 120
86 121
87 121
88 120
89 122
90 120
91 123
92 129
93 135
94 136
95 137
96 127
97 107
98 99
99 101
100 101
101 103
102 103
103 103
104 106
105 107
106 109
107 114
108 114
109 118
110 119
111 120
112 119
113 120
114 122
115 122
116 124
117 125
118 125
119 128
120 128
121 128
122 127
123 127
124 127
125 130
126 130
127 133
128 136
129 136
130 137
131 141
132 140
133 143
134 143
135 143
136 143
137 145
138 147
139 147
140 146
141 150
142 150
143 148
144 150
145 149
146 150
147 151
148 151
149 152
150 150
151 150
152 151
153 151
154 150
155 150
156 151
157 150
158 147
159 143
160 135
161 127
162 125
163 125
164 127
165 124
166 119
167 102
168 83
169 70
170 67
171 71
172 72
173 74
174 75
175 74
176 75
177 76
178 77
179 78
180 78
181 79
182 81
183 82
184 84
185 82
186 81
187 78
188 79
189 83
190 85
191 81
192 72
193 64
194 68
195 71
196 73
197 71
198 71
199 70
200 68
201 66
202 66
203 67
204 64
205 63
206 63
207 62
208 60
209 59
210 60
211 59
212 59
213 55
214 55
215 53
216 54
217 52
218 50
219 50
220 50
221 47
222 47
223 47
224 44
225 44
226 43
227 40
228 40
229 41
230 39
231 37
232 36
233 36
234 36
235 35
236 32
237 32
238 31
239 31
240 31
241 29
242 29
243 29
244 29
245 27
246 26
247 26
248 26
249 25
250 25
251 25
252 24
253 22
254 22
255 23
256 25
257 26
258 25
259 22
260 23
261 25
262 23
263 22
264 25
265 45
266 64
267 56
268 51
269 57
270 78
271 48
272 29
273 33
274 34
275 39
276 40
277 37
278 39
279 41
280 47
281 76
282 85
283 63
284 64
285 60
286 57
287 75
288 88
289 96
290 92
291 86
292 89
293 93
294 96
295 99
296 94
297 92
298 92
299 94
300 97
301 97
302 97
303 97
304 98
305 97
306 97
307 96
308 96
309 93
310 92
311 92
312 94
313 96
314 99
315 99
316 94
317 94
318 97
319 101
320 100
321 101
322 108
323 100
324 92
325 105
326 113
327 112
328 109
329 112
330 101
331 80
332 98
333 102
334 104
335 120
336 105
337 91
338 93
339 93
340 94
341 89
342 86
343 78
344 45
345 54
346 117
347 124
348 142
349 138
350 142
351 136
352 146
353 137
354 93
355 128
356 158
357 126
358 123
359 123
360 124
361 127
362 143
363 138
364 130
365 113
366 108
367 120
368 132
369 123
370 123
371 146
372 127
373 107
374 112
375 75
376 101
377 141
378 128
379 112
380 107
381 108
382 124
383 126
384 122
385 124
386 123
387 113
388 102
389 117
390 133
391 125
392 118
393 117
394 116
395 147
396 169
397 121
398 101
399 105
400 118
401 72
402 58
403 76
404 87
405 89
406 88
407 92
408 96
409 98
410 97
411 92
412 85
413 82
414 82
415 86
416 85
417 81
418 78
419 72
420 75
421 88
422 106
423 134
424 152
425 165
426 173
427 176
428 177
429 176
430 176
431 177
432 174
433 178
434 180
435 178
436 178
437 181
438 180
439 173
440 150
441 132
442 114
443 159
444 204
445 205
446 174
447 127
448 127
449 167
450 177
451 154
452 158
453 157
454 181
455 161
456 129
457 128
458 124
459 157
460 156
461 125
462 139
463 162
464 185
465 151
466 145
467 156
468 163
469 161
470 158
471 158
472 159
473 150
474 136
475 139
476 126
477 112
478 111
479 120
480 173
481 169
482 120
483 75
484 85
485 112
486 124
487 130
488 132
489 136
490 140
491 138
492 135
493 139
494 139
495 138
496 139
497 138
498 135
499 137
500 138
501 137
502 137
503 138
504 140
505 139
506 120
507 84
508 90
509 118
510 122
511 161
512 187
513 169
514 127
515 100
516 82
517 77
518 109
519 127
520 113
521 107
522 104
523 97
524 91
525 91
526 95
527 108
528 124
529 124
530 92
531 64
532 77
533 88
534 91
535 86
536 98
537 133
538 146
539 142
540 142
541 138
542 138
543 138
544 138
545 138
546 137
547 138
548 137
549 138
550 139
551 137
552 137
553 138
554 137
555 137
556 137
557 138
558 138
559 137
560 138
561 139
562 136
563 138
564 139
565 146
566 109
567 59
568 61
569 56
570 54
571 54
572 55
573 56
574 60
575 60
576 59
577 60
578 63
579 66
580 64
581 66
582 58
583 58
584 81
585 72
586 48
587 47
588 47
589 48
590 48
591 48
592 51
593 44
594 43
595 70
596 87
597 64
598 54
599 44
600 68
601 157
602 166
603 146
604 143
605 144
606 143
607 142
608 143
609 142
610 143
611 143
612 142
613 140
614 145
615 152
616 157
617 158
618 157
619 161
620 156
621 145
622 152
623 153
624 144
625 119
626 70
627 32
628 26
629 29
630 28
631 29
632 44
633 59
634 84
635 82
636 60
637 81
638 65
639 61
640 67
641 68
642 66
643 69
644 63
645 59
646 63
647 66
648 67
649 66
650 62
651 57
652 56
653 63
654 63
655 93
656 175
657 127
658 69
659 84
660 81
661 77
662 90
663 94
664 90
665 85
666 97
667 111
668 117
669 113
670 111
671 102
672 123
673 173
674 177
675 147
676 83
677 69
678 70
679 73
680 70
681 60
682 54
683 61
684 60
685 69
686 123
687 128
688 111
689 100
690 90
691 81
692 69
693 59
694 52
695 46
696 45
697 44
698 44
699 41
700 47
701 45
702 41
703 45
704 46
705 50
706 55
707 55
708 53
709 56
710 56
711 60
712 66
713 64
714 65
715 67
716 62
717 56
718 56
719 54
720 55
721 56
722 60
723 64
724 70
725 65
726 65
727 67
728 68
729 70
730 74
731 78
732 77
733 75
734 76
735 79
736 83
737 81
738 76
739 75
740 85
741 100
742 98
743 112
744 115
745 127
746 121
747 112
748 111
749 109
750 112
751 120
752 119
753 115
754 120
755 115
756 111
757 112
758 108
759 105
760 105
761 105
762 91
763 88
764 96
765 100
766 99
767 99
