0 99
1 99
2 98
3 100
4 119
5 133
6 134
7 134
8 134
9 134
10 134
11 133
12 133
13 133
14 133
15 132
16 133
17 132
18 133
19 132
20 133
21 132
22 132
23 130
24 130
25 131
26 131
27 130
28 131
29 131
30 131
31 132
32 131
33 132
34 130
35 129
36 128
37 129
38 129
39 129
40 129
41 130
42 130
43 131
44 132
45 131
46 131
47 130
48 131
49 131
50 132
51 131
52 130
53 130
54 130
55 130
56 129
57 129
58 129
59 129
60 129
61 128
62 128
63 129
64 128
65 128
66 128
67 129
68 129
69 130
70 129
71 129
72 128
73 129
74 129
75 128
76 127
77 127
78 126
79 125
80 125
81 125
82 125
83 123
84 122
85 121
86 121
87 121
88 121
89 121
90 122
91 124
92 128
93 135
94 136
95 134
96 124
97 111
98 102
99 100
100 101
101 102
102 102
103 104
104 105
105 107
106 110
107 112
108 115
109 117
110 118
111 119
112 120
113 120
114 121
115 122
116 123
117 124
118 125
119 126
120 127
121 127
122 127
123 126
124 127
125 128
126 130
127 132
128 134
129 135
130 137
131 139
132 140
133 141
134 142
135 142
136 143
137 144
138 144
139 145
140 146
141 147
142 148
143 147
144 147
145 148
146 148
147 149
148 149
149 149
150 148
151 149
152 148
153 148
154 149
155 148
156 149
157 149
158 147
159 142
160 135
161 128
162 125
163 125
164 125
165 124
166 116
167 102
168 84
169 71
170 68
171 70
172 72
173 73
174 74
175 74
176 75
177 76
178 76
179 76
180 77
181 79
182 81
183 83
184 83
185 82
186 80
187 79
188 79
189 83
190 84
191 79
192 72
193 68
194 68
195 71
196 72
197 72
198 71
199 70
200 69
201 67
202 67
203 66
204 66
205 65
206 64
207 62
208 61
209 61
210 60
211 60
212 58
213 57
214 55
215 54
216 54
217 53
218 52
219 50
220 49
221 48
222 47
223 46
224 45
225 44
226 43
227 41
228 41
229 40
230 39
231 38
232 37
233 37
234 36
235 35
236 34
237 33
238 32
239 32
240 31
241 31
242 30
243 30
244 30
245 29
246 28
247 28
248 28
249 27
250 27
251 27
252 27
253 26
254 27
255 27
256 28
257 29
258 28
259 28
260 28
261 28
262 28
263 28
264 34
265 49
266 57
267 56
268 53
269 60
270 62
271 51
272 38
273 37
274 39
275 41
276 42
277 42
278 42
279 45
280 52
281 65
282 74
283 71
284 63
285 59
286 63
287 75
288 88
289 93
290 91
291 87
292 88
293 92
294 96
295 97
296 94
297 92
298 92
299 94
300 97
301 97
302 98
303 97
304 97
305 97
306 97
307 96
308 95
309 93
310 92
311 92
312 94
313 96
314 98
315 98
316 95
317 95
318 97
319 99
320 100
321 101
322 103
323 99
324 95
325 101
326 106
327 107
328 106
329 104
330 101
331 93
332 92
333 99
334 103
335 107
336 110
337 98
338 90
339 90
340 91
341 90
342 83
343 74
344 62
345 70
346 102
347 123
348 130
349 139
350 139
351 139
352 140
353 131
354 118
355 128
356 138
357 128
358 115
359 114
360 123
361 129
362 140
363 139
364 125
365 114
366 112
367 116
368 125
369 123
370 129
371 134
372 127
373 119
374 95
375 89
376 108
377 126
378 127
379 116
380 109
381 113
382 118
383 121
384 121
385 121
386 119
387 114
388 107
389 117
390 128
391 125
392 120
393 117
394 121
395 141
396 154
397 128
398 107
399 107
400 104
401 78
402 66
403 76
404 84
405 88
406 89
407 91
408 95
409 97
410 96
411 91
412 86
413 82
414 83
415 84
416 83
417 80
418 77
419 74
420 77
421 88
422 109
423 131
424 150
425 164
426 172
427 176
428 176
429 176
430 176
431 176
432 176
433 178
434 179
435 179
436 180
437 179
438 171
439 160
440 145
441 131
442 136
443 159
444 179
445 186
446 170
447 143
448 136
449 160
450 167
451 157
452 156
453 163
454 166
455 160
456 141
457 130
458 134
459 143
460 143
461 136
462 140
463 159
464 165
465 154
466 149
467 153
468 157
469 158
470 160
471 159
472 158
473 151
474 140
475 136
476 130
477 118
478 118
479 140
480 162
481 154
482 120
483 88
484 93
485 111
486 121
487 125
488 127
489 133
490 138
491 137
492 137
493 137
494 138
495 138
496 138
497 137
498 136
499 137
500 137
501 136
502 137
503 138
504 139
505 133
506 114
507 93
508 95
509 113
510 130
511 156
512 174
513 162
514 132
515 103
516 86
517 86
518 106
519 117
520 110
521 102
522 100
523 97
524 94
525 95
526 101
527 111
528 116
529 106
530 84
531 72
532 76
533 86
534 89
535 88
536 102
537 127
538 142
539 142
540 140
541 139
542 138
543 138
544 138
545 138
546 137
547 137
548 137
549 138
550 137
551 137
552 137
553 137
554 137
555 137
556 137
557 137
558 137
559 137
560 137
561 137
562 137
563 137
564 139
565 135
566 116
567 79
568 60
569 58
570 56
571 56
572 57
573 58
574 60
575 61
576 60
577 61
578 62
579 63
580 63
581 60
582 60
583 66
584 66
585 64
586 58
587 48
588 46
589 47
590 49
591 49
592 49
593 46
594 53
595 66
596 69
597 67
598 56
599 57
600 91
601 125
602 151
603 153
604 146
605 143
606 143
607 142
608 142
609 142
610 142
611 143
612 143
613 145
614 147
615 146
616 142
617 140
618 140
619 138
620 132
621 129
622 130
623 130
624 121
625 104
626 81
627 57
628 43
629 33
630 29
631 37
632 51
633 61
634 74
635 81
636 82
637 69
638 67
639 63
640 65
641 67
642 67
643 65
644 63
645 62
646 63
647 64
648 66
649 65
650 62
651 58
652 58
653 60
654 69
655 106
656 141
657 124
658 88
659 76
660 80
661 82
662 89
663 93
664 91
665 92
666 98
667 110
668 116
669 115
670 110
671 114
672 133
673 154
674 169
675 131
676 92
677 74
678 69
679 69
680 67
681 60
682 57
683 59
684 62
685 74
686 102
687 121
688 113
689 105
690 99
691 92
692 85
693 77
694 72
695 66
696 64
697 63
698 60
699 59
700 58
701 57
702 53
703 51
704 50
705 50
706 51
707 53
708 53
709 53
710 55
711 58
712 60
713 62
714 63
715 61
716 58
717 55
718 55
719 55
720 56
721 58
722 61
723 63
724 65
725 65
726 65
727 67
728 67
729 69
730 72
731 74
732 74
733 75
734 76
735 79
736 79
737 79
738 81
739 87
740 97
741 101
742 104
743 107
744 112
745 120
746 125
747 120
748 118
749 117
750 117
751 118
752 117
753 116
754 115
755 113
756 111
757 109
758 109
759 107
760 105
761 101
762 95
763 95
764 97
765 98
766 99
767 99
